euclidean
10
39.0917552576 63.9217123365
70.6091198367 -76.0918034503
28.1089249872 95.9522536784
-47.9190337019 81.5544099494
-75.4495118748 -44.2523791983
80.0641143752 -9.53648674214
62.5264901655 42.0521860536
51.9367876972 -73.1401172303
83.5682074015 -14.8794023917
-48.1803647832 40.1795010582
0.0 143.516998551 33.8611597468 88.7794425555 157.547884644 84.112075373 32.0540633937 137.662413108 90.4862999449 90.443991137
143.516998551 0.0 177.215755946 197.234002597 149.488704704 67.2235606306 118.420146758 18.9041910451 62.5691297196 166.222615514
33.8611597468 177.215755946 0.0 77.3792504906 174.303439224 117.58918343 63.9514353456 170.762984692 123.932997999 94.5021463698
88.7794425555 197.234002597 77.3792504906 0.0 128.783832153 157.089903087 117.297226886 184.123821942 163.059420874 41.3757341892
157.547884644 149.488704704 174.303439224 128.783832153 0.0 159.341398069 162.744754516 130.62071324 161.707782158 88.7262575946
84.112075373 67.2235606306 117.58918343 157.089903087 159.341398069 0.0 54.4881585644 69.5454406653 6.38947694068 137.543905272
32.0540633937 118.420146758 63.9514353456 117.297226886 162.744754516 54.4881585644 0.0 115.678038254 60.6956310384 110.722692713
137.662413108 18.9041910451 170.762984692 184.123821942 130.62071324 69.5454406653 115.678038254 0.0 66.2937222217 151.211044933
90.4862999449 62.5691297196 123.932997999 163.059420874 161.707782158 6.38947694068 60.6956310384 66.2937222217 0.0 142.790647879
90.443991137 166.222615514 94.5021463698 41.3757341892 88.7262575946 137.543905272 110.722692713 151.211044933 142.790647879 0.0