noneuclidean
10
-71.9515168398 73.4735644731
82.017075987 53.6017194193
28.6337844215 20.5146605745
30.1143303096 64.7565163145
-70.0931094048 -66.3987267421
-78.6908955587 46.3204914102
69.791611769 19.5987152223
-66.2283495442 -91.7642449323
31.5412406687 -16.3443396299
79.5552053407 7.26320652445
0.0 101.040663926 110.802931093 99.0449777741 146.481347572 112.304405785 62.0322894594 133.385896582 89.4125300373 91.6090850552
101.040663926 0.0 100.695102806 130.954327795 124.99451821 52.230827758 129.971743947 76.1825794845 136.678819335 91.7045394382
110.802931093 100.695102806 0.0 136.665937473 94.4771008444 62.5502314207 114.308136996 127.104552346 63.2801946257 80.7395926902
99.0449777741 130.954327795 136.665937473 0.0 125.968101302 142.610323811 114.027034205 147.361089094 89.1690647862 78.4797489631
146.481347572 124.99451821 94.4771008444 125.968101302 0.0 50.2383333288 51.4449171071 116.933911144 73.6603399728 61.5692307307
112.304405785 52.230827758 62.5502314207 142.610323811 50.2383333288 0.0 60.9239287717 126.718080034 130.982339073 127.925029044
62.0322894594 129.971743947 114.308136996 114.027034205 51.4449171071 60.9239287717 0.0 101.178186057 108.886079504 97.5032332484
133.385896582 76.1825794845 127.104552346 147.361089094 116.933911144 126.718080034 101.178186057 0.0 50.7736297954 101.40485002
89.4125300373 136.678819335 63.2801946257 89.1690647862 73.6603399728 130.982339073 108.886079504 50.7736297954 0.0 135.129232677
91.6090850552 91.7045394382 80.7395926902 78.4797489631 61.5692307307 127.925029044 97.5032332484 101.40485002 135.129232677 0.0